departamento,edad,hombre,mujer,total
atlantida,0,2969,2805,5774
atlantida,1,4591,4400,8991
atlantida,2,5279,5347,10626
atlantida,3,5647,5246,10893
atlantida,4,5250,5243,10493
atlantida,5,4954,4740,9694
atlantida,6,4525,4570,9095
atlantida,7,4762,4501,9263
atlantida,8,4976,4699,9675
atlantida,9,4569,4544,9113
atlantida,10,4849,4642,9491
atlantida,11,4514,4604,9118
atlantida,12,5154,4972,10126
atlantida,13,5365,5104,10469
atlantida,14,4943,4865,9808
atlantida,15,4953,5039,9992
atlantida,16,4837,4849,9686
atlantida,17,4847,4869,9716
atlantida,18,5013,5068,10081
atlantida,19,3946,4290,8236
atlantida,20,4230,4826,9056
atlantida,21,3656,4013,7669
atlantida,22,3765,4325,8090
atlantida,23,3574,4336,7910
atlantida,24,3291,3798,7089
atlantida,25,3245,3861,7106
atlantida,26,2691,3422,6113
atlantida,27,2644,3227,5871
atlantida,28,3083,3546,6629
atlantida,29,2377,3123,5500
atlantida,30,3285,3847,7132
atlantida,31,1891,2313,4204
atlantida,32,2481,3012,5493
atlantida,33,2327,2683,5010
atlantida,34,2095,2389,4484
atlantida,35,2246,2678,4924
atlantida,36,2110,2469,4579
atlantida,37,1873,2154,4027
atlantida,38,2187,2706,4893
atlantida,39,1699,2095,3794
atlantida,40,2580,2808,5388
atlantida,41,1311,1480,2791
atlantida,42,2153,2302,4455
atlantida,43,1560,1987,3547
atlantida,44,1286,1568,2854
atlantida,45,1790,1952,3742
atlantida,46,1332,1483,2815
atlantida,47,1320,1454,2774
atlantida,48,1636,1698,3334
atlantida,49,1219,1464,2683
atlantida,50,1948,2121,4069
atlantida,51,939,1032,1971
atlantida,52,1439,1529,2968
atlantida,53,1275,1321,2596
atlantida,54,1250,1373,2623
atlantida,55,1091,1197,2288
atlantida,56,1115,1180,2295
atlantida,57,884,987,1871
atlantida,58,1004,1115,2119
atlantida,59,754,950,1704
atlantida,60,1391,1409,2800
atlantida,61,589,688,1277
atlantida,62,889,962,1851
atlantida,63,918,1012,1930
atlantida,64,770,841,1611
atlantida,65,891,901,1792
atlantida,66,655,693,1348
atlantida,67,626,691,1317
atlantida,68,596,691,1287
atlantida,69,410,515,925
atlantida,70,765,743,1508
atlantida,71,382,422,804
atlantida,72,561,549,1110
atlantida,73,515,546,1061
atlantida,74,451,494,945
atlantida,75,474,496,970
atlantida,76,470,406,876
atlantida,77,346,365,711
atlantida,78,449,445,894
atlantida,79,274,260,534
atlantida,80,354,411,765
atlantida,81,195,194,389
atlantida,82,224,255,479
atlantida,83,228,237,465
atlantida,84,213,226,439
atlantida,85,188,229,417
atlantida,86,164,210,374
atlantida,87,144,139,283
atlantida,88,115,118,233
atlantida,89,94,129,223
atlantida,90,76,104,180
atlantida,91,21,40,61
atlantida,92,26,44,70
atlantida,93,9,55,64
atlantida,94,16,27,43
atlantida,95,22,28,50
atlantida,96,15,22,37
atlantida,97,6,18,24
atlantida,98,12,20,32
atlantida,99,6,10,16
atlantida,100,2,8,10
atlantida,101,3,6,9
atlantida,102,3,1,4
atlantida,103,3,2,5
atlantida,104,1,1,2
atlantida,105,3,1,4
colon,0,2683,2684,5367
colon,1,3515,3299,6814
colon,2,4000,3915,7915
colon,3,4007,3877,7884
colon,4,3741,3728,7469
colon,5,3653,3450,7103
colon,6,3393,3285,6678
colon,7,3616,3358,6974
colon,8,3595,3309,6904
colon,9,3225,3175,6400
colon,10,3527,3434,6961
colon,11,3329,3251,6580
colon,12,3739,3586,7325
colon,13,3837,3832,7669
colon,14,3700,3532,7232
colon,15,3686,3775,7461
colon,16,3484,3625,7109
colon,17,3638,3552,7190
colon,18,3763,3648,7411
colon,19,2793,3021,5814
colon,20,3044,3282,6326
colon,21,2268,2548,4816
colon,22,2643,2918,5561
colon,23,2529,2756,5285
colon,24,2142,2576,4718
colon,25,2104,2460,4564
colon,26,1787,2229,4016
colon,27,1812,2079,3891
colon,28,1916,2306,4222
colon,29,1471,1710,3181
colon,30,2157,2378,4535
colon,31,1133,1365,2498
colon,32,1587,1925,3512
colon,33,1398,1583,2981
colon,34,1311,1468,2779
colon,35,1342,1675,3017
colon,36,1284,1570,2854
colon,37,1058,1345,2403
colon,38,1484,1639,3123
colon,39,1078,1236,2314
colon,40,1724,1865,3589
colon,41,759,780,1539
colon,42,1246,1387,2633
colon,43,1049,1137,2186
colon,44,876,926,1802
colon,45,1141,1170,2311
colon,46,767,872,1639
colon,47,770,910,1680
colon,48,969,1092,2061
colon,49,709,811,1520
colon,50,1288,1267,2555
colon,51,502,596,1098
colon,52,912,897,1809
colon,53,787,903,1690
colon,54,786,806,1592
colon,55,713,720,1433
colon,56,710,699,1409
colon,57,608,591,1199
colon,58,672,718,1390
colon,59,505,587,1092
colon,60,941,898,1839
colon,61,357,388,745
colon,62,554,525,1079
colon,63,614,631,1245
colon,64,478,527,1005
colon,65,569,548,1117
colon,66,415,388,803
colon,67,417,391,808
colon,68,398,440,838
colon,69,261,285,546
colon,70,497,465,962
colon,71,213,238,451
colon,72,314,307,621
colon,73,341,312,653
colon,74,279,282,561
colon,75,333,302,635
colon,76,246,293,539
colon,77,199,218,417
colon,78,289,283,572
colon,79,171,162,333
colon,80,262,248,510
colon,81,117,111,228
colon,82,107,137,244
colon,83,146,155,301
colon,84,130,117,247
colon,85,144,131,275
colon,86,130,118,248
colon,87,92,79,171
colon,88,81,71,152
colon,89,52,59,111
colon,90,62,54,116
colon,91,11,14,25
colon,92,12,27,39
colon,93,20,30,50
colon,94,12,30,42
colon,95,9,13,22
colon,96,12,7,19
colon,97,2,8,10
colon,98,10,13,23
colon,99,4,7,11
colon,100,2,12,14
colon,101,1,1,2
colon,102,3,0,3
colon,103,1,2,3
colon,104,1,0,1
colon,105,2,2,4
comayagua,0,4509,4397,8906
comayagua,1,5915,5918,11833
comayagua,2,6796,6670,13466
comayagua,3,6531,6295,12826
comayagua,4,6120,5892,12012
comayagua,5,5954,5839,11793
comayagua,6,5636,5385,11021
comayagua,7,5801,5589,11390
comayagua,8,5987,5925,11912
comayagua,9,5742,5498,11240
comayagua,10,6047,5687,11734
comayagua,11,5627,5505,11132
comayagua,12,6397,5984,12381
comayagua,13,6808,6647,13455
comayagua,14,6343,6211,12554
comayagua,15,6206,6311,12517
comayagua,16,5725,5589,11314
comayagua,17,5759,5675,11434
comayagua,18,6011,5742,11753
comayagua,19,4547,5078,9625
comayagua,20,4999,5347,10346
comayagua,21,3960,4484,8444
comayagua,22,4605,4793,9398
comayagua,23,4164,4667,8831
comayagua,24,3646,4167,7813
comayagua,25,3523,4193,7716
comayagua,26,3195,3640,6835
comayagua,27,2986,3567,6553
comayagua,28,3316,3967,7283
comayagua,29,2594,3116,5710
comayagua,30,3689,4248,7937
comayagua,31,2019,2509,4528
comayagua,32,2934,3418,6352
comayagua,33,2648,3222,5870
comayagua,34,2468,2903,5371
comayagua,35,2695,3156,5851
comayagua,36,2426,2958,5384
comayagua,37,2092,2484,4576
comayagua,38,2738,3029,5767
comayagua,39,1958,2258,4216
comayagua,40,2938,3126,6064
comayagua,41,1363,1613,2976
comayagua,42,2339,2442,4781
comayagua,43,1893,2145,4038
comayagua,44,1588,1752,3340
comayagua,45,1999,2042,4041
comayagua,46,1547,1710,3257
comayagua,47,1464,1616,3080
comayagua,48,1798,2018,3816
comayagua,49,1304,1601,2905
comayagua,50,2159,2226,4385
comayagua,51,1011,1090,2101
comayagua,52,1687,1742,3429
comayagua,53,1457,1530,2987
comayagua,54,1302,1393,2695
comayagua,55,1233,1388,2621
comayagua,56,1226,1241,2467
comayagua,57,966,1107,2073
comayagua,58,1111,1142,2253
comayagua,59,845,950,1795
comayagua,60,1471,1517,2988
comayagua,61,644,711,1355
comayagua,62,915,981,1896
comayagua,63,1022,1114,2136
comayagua,64,805,867,1672
comayagua,65,970,937,1907
comayagua,66,696,780,1476
comayagua,67,645,740,1385
comayagua,68,641,734,1375
comayagua,69,460,521,981
comayagua,70,815,767,1582
comayagua,71,399,384,783
comayagua,72,561,592,1153
comayagua,73,577,572,1149
comayagua,74,499,536,1035
comayagua,75,549,524,1073
comayagua,76,448,456,904
comayagua,77,377,379,756
comayagua,78,468,474,942
comayagua,79,282,291,573
comayagua,80,376,408,784
comayagua,81,191,214,405
comayagua,82,212,246,458
comayagua,83,221,251,472
comayagua,84,192,220,412
comayagua,85,195,212,407
comayagua,86,182,184,366
comayagua,87,121,161,282
comayagua,88,118,134,252
comayagua,89,93,141,234
comayagua,90,79,103,182
comayagua,91,17,28,45
comayagua,92,19,35,54
comayagua,93,21,39,60
comayagua,94,13,32,45
comayagua,95,14,25,39
comayagua,96,12,22,34
comayagua,97,7,20,27
comayagua,98,6,18,24
comayagua,99,7,6,13
comayagua,100,8,6,14
comayagua,101,2,2,4
comayagua,103,1,5,6
comayagua,104,0,1,1
comayagua,105,0,3,3
copan,0,3705,3511,7216
copan,1,4302,3987,8289
copan,2,4933,4767,9700
copan,3,5090,4849,9939
copan,4,4665,4396,9061
copan,5,4562,4354,8916
copan,6,4171,4029,8200
copan,7,4282,4267,8549
copan,8,4616,4411,9027
copan,9,4060,3986,8046
copan,10,4512,4246,8758
copan,11,4494,4234,8728
copan,12,5143,4699,9842
copan,13,5227,4832,10059
copan,14,5019,4716,9735
copan,15,4680,4597,9277
copan,16,4348,4182,8530
copan,17,4457,4359,8816
copan,18,4781,4540,9321
copan,19,3461,3531,6992
copan,20,3837,4087,7924
copan,21,2868,3259,6127
copan,22,3606,3606,7212
copan,23,3348,3529,6877
copan,24,2896,3176,6072
copan,25,2943,3149,6092
copan,26,2383,2715,5098
copan,27,2305,2598,4903
copan,28,2611,2933,5544
copan,29,1942,2213,4155
copan,30,3034,3101,6135
copan,31,1494,1767,3261
copan,32,2275,2563,4838
copan,33,1969,2342,4311
copan,34,1895,2030,3925
copan,35,2291,2424,4715
copan,36,1908,2170,4078
copan,37,1635,1856,3491
copan,38,2045,2208,4253
copan,39,1438,1598,3036
copan,40,2340,2446,4786
copan,41,916,1063,1979
copan,42,1599,1779,3378
copan,43,1398,1503,2901
copan,44,1145,1283,2428
copan,45,1542,1580,3122
copan,46,1072,1226,2298
copan,47,1061,1177,2238
copan,48,1282,1467,2749
copan,49,960,1061,2021
copan,50,1700,1735,3435
copan,51,705,772,1477
copan,52,1167,1201,2368
copan,53,1027,1152,2179
copan,54,954,1037,1991
copan,55,1039,1132,2171
copan,56,922,976,1898
copan,57,712,827,1539
copan,58,918,885,1803
copan,59,642,733,1375
copan,60,1337,1348,2685
copan,61,463,541,1004
copan,62,688,735,1423
copan,63,829,819,1648
copan,64,614,706,1320
copan,65,790,863,1653
copan,66,566,643,1209
copan,67,517,542,1059
copan,68,527,598,1125
copan,69,351,407,758
copan,70,656,626,1282
copan,71,289,296,585
copan,72,425,452,877
copan,73,421,488,909
copan,74,340,377,717
copan,75,448,448,896
copan,76,332,374,706
copan,77,271,289,560
copan,78,378,335,713
copan,79,233,210,443
copan,80,361,329,690
copan,81,150,163,313
copan,82,206,211,417
copan,83,194,202,396
copan,84,147,166,313
copan,85,195,239,434
copan,86,161,143,304
copan,87,135,123,258
copan,88,99,111,210
copan,89,96,101,197
copan,90,83,74,157
copan,91,16,37,53
copan,92,11,21,32
copan,93,14,34,48
copan,94,23,24,47
copan,95,19,17,36
copan,96,13,17,30
copan,97,12,12,24
copan,98,5,20,25
copan,99,3,7,10
copan,100,6,9,15
copan,101,1,7,8
copan,102,0,4,4
copan,103,2,2,4
copan,104,2,1,3
copan,105,1,0,1
cortes,0,8604,8152,16756
cortes,1,15986,15248,31234
cortes,2,18730,18203,36933
cortes,3,19092,18835,37927
cortes,4,17881,17124,35005
cortes,5,17369,16514,33883
cortes,6,15279,14818,30097
cortes,7,15873,14850,30723
cortes,8,16261,15382,31643
cortes,9,15099,14297,29396
cortes,10,16081,15615,31696
cortes,11,14882,14454,29336
cortes,12,16055,15758,31813
cortes,13,16210,16269,32479
cortes,14,15407,15395,30802
cortes,15,15756,17062,32818
cortes,16,14605,15761,30366
cortes,17,14942,16256,31198
cortes,18,16437,17841,34278
cortes,19,13685,15857,29542
cortes,20,15654,18788,34442
cortes,21,13187,15340,28527
cortes,22,14301,16659,30960
cortes,23,13708,16294,30002
cortes,24,12398,15118,27516
cortes,25,13376,16402,29778
cortes,26,10807,13072,23879
cortes,27,10893,12672,23565
cortes,28,12565,15189,27754
cortes,29,9637,11526,21163
cortes,30,14685,16642,31327
cortes,31,7197,8827,16024
cortes,32,10143,12260,22403
cortes,33,9094,10691,19785
cortes,34,8108,9527,17635
cortes,35,9920,11314,21234
cortes,36,8405,10106,18511
cortes,37,6848,8068,14916
cortes,38,9418,10699,20117
cortes,39,6636,7840,14476
cortes,40,10530,11023,21553
cortes,41,4570,5251,9821
cortes,42,7716,8186,15902
cortes,43,6035,6748,12783
cortes,44,4954,5325,10279
cortes,45,6538,7010,13548
cortes,46,4755,5157,9912
cortes,47,4324,4932,9256
cortes,48,5697,6000,11697
cortes,49,4136,4560,8696
cortes,50,6832,7165,13997
cortes,51,3124,3550,6674
cortes,52,4643,4848,9491
cortes,53,4112,4466,8578
cortes,54,3690,4218,7908
cortes,55,3458,3746,7204
cortes,56,3333,3586,6919
cortes,57,2705,2868,5573
cortes,58,3316,3554,6870
cortes,59,2395,2765,5160
cortes,60,4330,4566,8896
cortes,61,1739,2083,3822
cortes,62,2537,2678,5215
cortes,63,2753,3008,5761
cortes,64,2127,2474,4601
cortes,65,2679,3067,5746
cortes,66,1711,2007,3718
cortes,67,1751,1992,3743
cortes,68,1853,2130,3983
cortes,69,1294,1484,2778
cortes,70,2103,2254,4357
cortes,71,1061,1208,2269
cortes,72,1534,1616,3150
cortes,73,1423,1530,2953
cortes,74,1320,1416,2736
cortes,75,1311,1439,2750
cortes,76,1167,1244,2411
cortes,77,915,962,1877
cortes,78,1199,1274,2473
cortes,79,779,737,1516
cortes,80,1028,1175,2203
cortes,81,495,579,1074
cortes,82,582,680,1262
cortes,83,543,726,1269
cortes,84,506,628,1134
cortes,85,449,591,1040
cortes,86,418,531,949
cortes,87,356,476,832
cortes,88,253,360,613
cortes,89,318,323,641
cortes,90,258,325,583
cortes,91,61,135,196
cortes,92,62,113,175
cortes,93,58,100,158
cortes,94,51,103,154
cortes,95,36,85,121
cortes,96,42,54,96
cortes,97,24,41,65
cortes,98,33,42,75
cortes,99,17,24,41
cortes,100,17,27,44
cortes,101,11,17,28
cortes,102,11,9,20
cortes,103,4,7,11
cortes,104,4,9,13
cortes,105,1,10,11
choluteca,0,3773,3646,7419
choluteca,1,4323,4035,8358
choluteca,2,5297,4938,10235
choluteca,3,4777,4722,9499
choluteca,4,4767,4462,9229
choluteca,5,4532,4456,8988
choluteca,6,4237,4179,8416
choluteca,7,4662,4636,9298
choluteca,8,5292,4726,10018
choluteca,9,4907,4613,9520
choluteca,10,5276,4973,10249
choluteca,11,4929,4799,9728
choluteca,12,5737,5136,10873
choluteca,13,5894,5844,11738
choluteca,14,5700,5307,11007
choluteca,15,5558,5302,10860
choluteca,16,5242,4891,10133
choluteca,17,5335,4877,10212
choluteca,18,5532,5064,10596
choluteca,19,4228,4198,8426
choluteca,20,4442,4848,9290
choluteca,21,3666,3837,7503
choluteca,22,4144,4216,8360
choluteca,23,3943,4006,7949
choluteca,24,3451,3541,6992
choluteca,25,3228,3447,6675
choluteca,26,2699,3222,5921
choluteca,27,2791,3056,5847
choluteca,28,3175,3394,6569
choluteca,29,2271,2704,4975
choluteca,30,3342,3698,7040
choluteca,31,1848,2197,4045
choluteca,32,2622,2998,5620
choluteca,33,2410,2857,5267
choluteca,34,2287,2506,4793
choluteca,35,2258,2704,4962
choluteca,36,2268,2400,4668
choluteca,37,1965,2279,4244
choluteca,38,2503,2923,5426
choluteca,39,1879,2141,4020
choluteca,40,2770,2805,5575
choluteca,41,1319,1528,2847
choluteca,42,2227,2375,4602
choluteca,43,1782,2067,3849
choluteca,44,1497,1594,3091
choluteca,45,1875,2013,3888
choluteca,46,1434,1555,2989
choluteca,47,1390,1529,2919
choluteca,48,1886,1956,3842
choluteca,49,1356,1542,2898
choluteca,50,2120,2205,4325
choluteca,51,1036,1111,2147
choluteca,52,1583,1698,3281
choluteca,53,1468,1631,3099
choluteca,54,1284,1399,2683
choluteca,55,1149,1322,2471
choluteca,56,1152,1201,2353
choluteca,57,999,1123,2122
choluteca,58,1256,1353,2609
choluteca,59,904,1089,1993
choluteca,60,1546,1680,3226
choluteca,61,686,738,1424
choluteca,62,993,1115,2108
choluteca,63,1080,1255,2335
choluteca,64,935,971,1906
choluteca,65,1024,1040,2064
choluteca,66,720,812,1532
choluteca,67,758,803,1561
choluteca,68,730,942,1672
choluteca,69,562,631,1193
choluteca,70,870,855,1725
choluteca,71,461,480,941
choluteca,72,714,683,1397
choluteca,73,694,730,1424
choluteca,74,628,622,1250
choluteca,75,603,697,1300
choluteca,76,522,556,1078
choluteca,77,449,408,857
choluteca,78,550,509,1059
choluteca,79,317,314,631
choluteca,80,507,515,1022
choluteca,81,192,223,415
choluteca,82,262,282,544
choluteca,83,275,316,591
choluteca,84,277,284,561
choluteca,85,250,261,511
choluteca,86,202,211,413
choluteca,87,163,186,349
choluteca,88,154,151,305
choluteca,89,125,120,245
choluteca,90,106,120,226
choluteca,91,13,34,47
choluteca,92,25,42,67
choluteca,93,17,41,58
choluteca,94,23,46,69
choluteca,95,18,27,45
choluteca,96,12,17,29
choluteca,97,12,18,30
choluteca,98,14,17,31
choluteca,99,6,11,17
choluteca,100,6,11,17
choluteca,101,5,5,10
choluteca,102,1,6,7
choluteca,103,1,2,3
choluteca,104,1,6,7
choluteca,105,1,2,3
paraiso,0,4347,4258,8605
paraiso,1,4718,4402,9120
paraiso,2,5333,4994,10327
paraiso,3,5123,4923,10046
paraiso,4,5024,4972,9996
paraiso,5,4919,4659,9578
paraiso,6,4677,4435,9112
paraiso,7,4913,4813,9726
paraiso,8,5348,5053,10401
paraiso,9,4932,4660,9592
paraiso,10,5252,4875,10127
paraiso,11,4919,4789,9708
paraiso,12,5611,5304,10915
paraiso,13,5906,5550,11456
paraiso,14,5705,5299,11004
paraiso,15,5600,5296,10896
paraiso,16,5041,4827,9868
paraiso,17,5299,4903,10202
paraiso,18,5560,4883,10443
paraiso,19,4256,4083,8339
paraiso,20,4661,4555,9216
paraiso,21,3740,3902,7642
paraiso,22,4320,4101,8421
paraiso,23,4051,4030,8081
paraiso,24,3678,3666,7344
paraiso,25,3433,3509,6942
paraiso,26,2902,3099,6001
paraiso,27,3007,3134,6141
paraiso,28,3219,3429,6648
paraiso,29,2554,2815,5369
paraiso,30,3556,3660,7216
paraiso,31,1983,2240,4223
paraiso,32,2852,3233,6085
paraiso,33,2737,2985,5722
paraiso,34,2390,2633,5023
paraiso,35,2665,2778,5443
paraiso,36,2492,2796,5288
paraiso,37,2241,2397,4638
paraiso,38,2563,2875,5438
paraiso,39,1979,2186,4165
paraiso,40,3000,2847,5847
paraiso,41,1423,1456,2879
paraiso,42,2363,2338,4701
paraiso,43,1904,2100,4004
paraiso,44,1604,1564,3168
paraiso,45,1825,1872,3697
paraiso,46,1580,1527,3107
paraiso,47,1443,1545,2988
paraiso,48,1789,1833,3622
paraiso,49,1297,1473,2770
paraiso,50,2158,1947,4105
paraiso,51,958,1022,1980
paraiso,52,1577,1603,3180
paraiso,53,1423,1485,2908
paraiso,54,1265,1325,2590
paraiso,55,1257,1216,2473
paraiso,56,1264,1063,2327
paraiso,57,1021,1005,2026
paraiso,58,1216,1183,2399
paraiso,59,942,915,1857
paraiso,60,1535,1368,2903
paraiso,61,675,626,1301
paraiso,62,933,957,1890
paraiso,63,1074,1042,2116
paraiso,64,852,881,1733
paraiso,65,1008,906,1914
paraiso,66,720,750,1470
paraiso,67,744,735,1479
paraiso,68,725,739,1464
paraiso,69,528,492,1020
paraiso,70,861,735,1596
paraiso,71,403,381,784
paraiso,72,633,566,1199
paraiso,73,615,588,1203
paraiso,74,542,516,1058
paraiso,75,584,491,1075
paraiso,76,489,454,943
paraiso,77,421,394,815
paraiso,78,507,439,946
paraiso,79,294,273,567
paraiso,80,441,394,835
paraiso,81,180,174,354
paraiso,82,250,226,476
paraiso,83,256,265,521
paraiso,84,222,202,424
paraiso,85,182,196,378
paraiso,86,178,172,350
paraiso,87,146,143,289
paraiso,88,133,106,239
paraiso,89,102,104,206
paraiso,90,96,89,185
paraiso,91,21,31,52
paraiso,92,22,28,50
paraiso,93,18,36,54
paraiso,94,21,35,56
paraiso,95,14,31,45
paraiso,96,16,27,43
paraiso,97,10,10,20
paraiso,98,10,14,24
paraiso,99,4,11,15
paraiso,100,7,10,17
paraiso,101,4,5,9
paraiso,102,2,1,3
paraiso,103,1,3,4
paraiso,104,1,6,7
paraiso,105,1,2,3
fm,0,10707,10027,20734
fm,1,14038,13466,27504
fm,2,16119,15252,31371
fm,3,15907,15442,31349
fm,4,15383,15000,30383
fm,5,14900,14362,29262
fm,6,13294,12814,26108
fm,7,13837,13292,27129
fm,8,14084,13421,27505
fm,9,13459,13023,26482
fm,10,14736,13933,28669
fm,11,13530,13133,26663
fm,12,14900,14275,29175
fm,13,15234,14817,30051
fm,14,14809,14204,29013
fm,15,15001,15348,30349
fm,16,14360,14887,29247
fm,17,14579,15142,29721
fm,18,15895,16661,32556
fm,19,13490,15198,28688
fm,20,14434,16877,31311
fm,21,13379,15108,28487
fm,22,14145,16038,30183
fm,23,13964,15907,29871
fm,24,12481,14339,26820
fm,25,12061,14467,26528
fm,26,10506,12421,22927
fm,27,10425,11997,22422
fm,28,11522,13377,24899
fm,29,8998,10772,19770
fm,30,12397,14715,27112
fm,31,7095,8597,15692
fm,32,9881,11872,21753
fm,33,8997,10412,19409
fm,34,8202,9395,17597
fm,35,8729,10503,19232
fm,36,8052,9670,17722
fm,37,6872,8308,15180
fm,38,8733,10095,18828
fm,39,6465,7833,14298
fm,40,9735,11201,20936
fm,41,4922,5627,10549
fm,42,7724,8821,16545
fm,43,6455,7513,13968
fm,44,5084,5920,11004
fm,45,6770,7742,14512
fm,46,5076,6093,11169
fm,47,4882,5793,10675
fm,48,5863,6976,12839
fm,49,4538,5516,10054
fm,50,7342,8218,15560
fm,51,3648,4190,7838
fm,52,5556,6294,11850
fm,53,4671,5536,10207
fm,54,4233,5002,9235
fm,55,3796,4482,8278
fm,56,3832,4533,8365
fm,57,3182,3545,6727
fm,58,3679,4406,8085
fm,59,2724,3306,6030
fm,60,4546,5181,9727
fm,61,2037,2558,4595
fm,62,2868,3561,6429
fm,63,3019,3647,6666
fm,64,2302,2932,5234
fm,65,2927,3602,6529
fm,66,1910,2346,4256
fm,67,2074,2616,4690
fm,68,2068,2565,4633
fm,69,1387,1812,3199
fm,70,2147,2623,4770
fm,71,1170,1434,2604
fm,72,1659,2165,3824
fm,73,1628,2081,3709
fm,74,1410,1774,3184
fm,75,1414,1767,3181
fm,76,1255,1600,2855
fm,77,945,1261,2206
fm,78,1292,1527,2819
fm,79,789,1023,1812
fm,80,1026,1379,2405
fm,81,509,709,1218
fm,82,645,934,1579
fm,83,606,899,1505
fm,84,525,755,1280
fm,85,489,716,1205
fm,86,500,677,1177
fm,87,368,542,910
fm,88,269,483,752
fm,89,245,385,630
fm,90,235,384,619
fm,91,60,148,208
fm,92,60,183,243
fm,93,60,153,213
fm,94,39,125,164
fm,95,38,103,141
fm,96,42,87,129
fm,97,21,55,76
fm,98,17,57,74
fm,99,25,49,74
fm,100,16,28,44
fm,101,7,19,26
fm,102,9,12,21
fm,103,6,45,51
fm,104,3,8,11
fm,105,2,6,8
graciasadios,0,898,1010,1908
graciasadios,1,1033,1129,2162
graciasadios,2,1183,1197,2380
graciasadios,3,1271,1247,2518
graciasadios,4,1255,1239,2494
graciasadios,5,1187,1216,2403
graciasadios,6,1140,1138,2278
graciasadios,7,1116,1120,2236
graciasadios,8,1191,1187,2378
graciasadios,9,1030,971,2001
graciasadios,10,1251,1247,2498
graciasadios,11,1041,1055,2096
graciasadios,12,1313,1387,2700
graciasadios,13,1241,1379,2620
graciasadios,14,1111,1098,2209
graciasadios,15,1224,1287,2511
graciasadios,16,1017,1137,2154
graciasadios,17,921,1100,2021
graciasadios,18,1257,1186,2443
graciasadios,19,900,910,1810
graciasadios,20,1097,1314,2411
graciasadios,21,746,750,1496
graciasadios,22,962,1041,2003
graciasadios,23,835,961,1796
graciasadios,24,734,850,1584
graciasadios,25,760,867,1627
graciasadios,26,554,656,1210
graciasadios,27,610,611,1221
graciasadios,28,648,759,1407
graciasadios,29,438,534,972
graciasadios,30,828,903,1731
graciasadios,31,256,298,554
graciasadios,32,490,516,1006
graciasadios,33,387,459,846
graciasadios,34,344,389,733
graciasadios,35,493,533,1026
graciasadios,36,390,369,759
graciasadios,37,272,366,638
graciasadios,38,494,606,1100
graciasadios,39,370,371,741
graciasadios,40,723,682,1405
graciasadios,41,165,162,327
graciasadios,42,340,339,679
graciasadios,43,240,251,491
graciasadios,44,160,213,373
graciasadios,45,436,408,844
graciasadios,46,212,196,408
graciasadios,47,192,212,404
graciasadios,48,347,357,704
graciasadios,49,223,247,470
graciasadios,50,475,506,981
graciasadios,51,126,125,251
graciasadios,52,184,211,395
graciasadios,53,186,200,386
graciasadios,54,187,185,372
graciasadios,55,207,213,420
graciasadios,56,167,138,305
graciasadios,57,120,102,222
graciasadios,58,180,167,347
graciasadios,59,119,101,220
graciasadios,60,510,410,920
graciasadios,61,74,62,136
graciasadios,62,124,113,237
graciasadios,63,130,87,217
graciasadios,64,64,79,143
graciasadios,65,180,152,332
graciasadios,66,47,44,91
graciasadios,67,73,72,145
graciasadios,68,80,83,163
graciasadios,69,39,31,70
graciasadios,70,161,184,345
graciasadios,71,39,28,67
graciasadios,72,61,63,124
graciasadios,73,59,53,112
graciasadios,74,48,31,79
graciasadios,75,87,76,163
graciasadios,76,44,32,76
graciasadios,77,34,31,65
graciasadios,78,63,57,120
graciasadios,79,33,30,63
graciasadios,80,127,107,234
graciasadios,81,10,16,26
graciasadios,82,13,17,30
graciasadios,83,16,21,37
graciasadios,84,14,13,27
graciasadios,85,28,41,69
graciasadios,86,12,14,26
graciasadios,87,7,12,19
graciasadios,88,11,9,20
graciasadios,89,12,15,27
graciasadios,90,26,30,56
graciasadios,92,3,3,6
graciasadios,93,0,3,3
graciasadios,94,2,2,4
graciasadios,95,2,4,6
graciasadios,96,2,0,2
graciasadios,97,0,2,2
graciasadios,98,0,1,1
graciasadios,99,2,2,4
graciasadios,100,2,6,8
graciasadios,101,0,1,1
graciasadios,103,0,1,1
graciasadios,105,0,1,1
intibuca,0,2676,2612,5288
intibuca,1,2721,2661,5382
intibuca,2,3055,2791,5846
intibuca,3,2879,2948,5827
intibuca,4,2884,2868,5752
intibuca,5,2872,2778,5650
intibuca,6,2649,2643,5292
intibuca,7,3065,3032,6097
intibuca,8,3282,3129,6411
intibuca,9,3027,2881,5908
intibuca,10,3249,3097,6346
intibuca,11,3112,2935,6047
intibuca,12,3452,3115,6567
intibuca,13,3490,3394,6884
intibuca,14,3309,3052,6361
intibuca,15,3138,3103,6241
intibuca,16,2780,2830,5610
intibuca,17,2951,2968,5919
intibuca,18,3139,3018,6157
intibuca,19,2172,2302,4474
intibuca,20,2453,2616,5069
intibuca,21,1611,1934,3545
intibuca,22,2200,2348,4548
intibuca,23,1888,2236,4124
intibuca,24,1719,2043,3762
intibuca,25,1681,1985,3666
intibuca,26,1445,1662,3107
intibuca,27,1394,1675,3069
intibuca,28,1477,1830,3307
intibuca,29,1099,1462,2561
intibuca,30,1840,2070,3910
intibuca,31,907,1089,1996
intibuca,32,1325,1618,2943
intibuca,33,1238,1475,2713
intibuca,34,1140,1285,2425
intibuca,35,1371,1463,2834
intibuca,36,1121,1324,2445
intibuca,37,1024,1185,2209
intibuca,38,1216,1351,2567
intibuca,39,847,1020,1867
intibuca,40,1379,1504,2883
intibuca,41,566,662,1228
intibuca,42,931,1068,1999
intibuca,43,784,941,1725
intibuca,44,665,771,1436
intibuca,45,920,947,1867
intibuca,46,604,697,1301
intibuca,47,626,674,1300
intibuca,48,770,844,1614
intibuca,49,584,646,1230
intibuca,50,1040,1065,2105
intibuca,51,400,469,869
intibuca,52,684,746,1430
intibuca,53,634,703,1337
intibuca,54,620,645,1265
intibuca,55,629,674,1303
intibuca,56,543,539,1082
intibuca,57,419,528,947
intibuca,58,567,578,1145
intibuca,59,443,461,904
intibuca,60,772,683,1455
intibuca,61,252,308,560
intibuca,62,443,442,885
intibuca,63,488,519,1007
intibuca,64,361,410,771
intibuca,65,474,495,969
intibuca,66,347,364,711
intibuca,67,297,321,618
intibuca,68,302,347,649
intibuca,69,204,251,455
intibuca,70,365,382,747
intibuca,71,177,180,357
intibuca,72,235,254,489
intibuca,73,275,263,538
intibuca,74,225,211,436
intibuca,75,290,278,568
intibuca,76,219,214,433
intibuca,77,186,163,349
intibuca,78,223,239,462
intibuca,79,131,128,259
intibuca,80,187,211,398
intibuca,81,79,86,165
intibuca,82,90,87,177
intibuca,83,111,114,225
intibuca,84,77,92,169
intibuca,85,104,115,219
intibuca,86,85,83,168
intibuca,87,69,70,139
intibuca,88,61,73,134
intibuca,89,35,57,92
intibuca,90,45,53,98
intibuca,91,0,11,11
intibuca,92,6,16,22
intibuca,93,9,20,29
intibuca,94,9,12,21
intibuca,95,6,13,19
intibuca,96,3,8,11
intibuca,97,5,5,10
intibuca,98,3,8,11
intibuca,99,1,5,6
intibuca,100,3,3,6
intibuca,101,0,2,2
intibuca,102,3,1,4
intibuca,103,1,2,3
intibuca,104,1,0,1
islas,0,574,557,1131
islas,1,693,670,1363
islas,2,795,789,1584
islas,3,801,784,1585
islas,4,811,770,1581
islas,5,737,625,1362
islas,6,643,651,1294
islas,7,660,625,1285
islas,8,676,603,1279
islas,9,633,609,1242
islas,10,597,637,1234
islas,11,626,619,1245
islas,12,667,624,1291
islas,13,653,657,1310
islas,14,665,612,1277
islas,15,600,654,1254
islas,16,599,670,1269
islas,17,645,605,1250
islas,18,643,691,1334
islas,19,597,679,1276
islas,20,556,665,1221
islas,21,523,626,1149
islas,22,557,658,1215
islas,23,563,696,1259
islas,24,505,616,1121
islas,25,507,592,1099
islas,26,437,551,988
islas,27,453,514,967
islas,28,495,540,1035
islas,29,423,486,909
islas,30,488,576,1064
islas,31,336,369,705
islas,32,415,516,931
islas,33,359,429,788
islas,34,373,398,771
islas,35,389,425,814
islas,36,338,353,691
islas,37,296,348,644
islas,38,365,381,746
islas,39,274,331,605
islas,40,325,410,735
islas,41,211,236,447
islas,42,361,314,675
islas,43,241,277,518
islas,44,241,234,475
islas,45,265,282,547
islas,46,206,198,404
islas,47,205,200,405
islas,48,216,232,448
islas,49,201,213,414
islas,50,261,213,474
islas,51,126,142,268
islas,52,215,171,386
islas,53,179,177,356
islas,54,172,175,347
islas,55,155,129,284
islas,56,143,131,274
islas,57,127,148,275
islas,58,129,139,268
islas,59,111,111,222
islas,60,145,118,263
islas,61,73,77,150
islas,62,99,91,190
islas,63,114,118,232
islas,64,98,70,168
islas,65,92,89,181
islas,66,85,56,141
islas,67,78,67,145
islas,68,63,50,113
islas,69,54,60,114
islas,70,78,67,145
islas,71,33,36,69
islas,72,54,51,105
islas,73,55,56,111
islas,74,46,32,78
islas,75,58,39,97
islas,76,34,34,68
islas,77,32,37,69
islas,78,32,33,65
islas,79,26,24,50
islas,80,36,28,64
islas,81,18,14,32
islas,82,12,21,33
islas,83,16,25,41
islas,84,18,15,33
islas,85,11,16,27
islas,86,17,13,30
islas,87,13,17,30
islas,88,12,17,29
islas,89,5,13,18
islas,90,6,5,11
islas,91,1,1,2
islas,92,1,0,1
islas,93,1,2,3
islas,94,0,1,1
islas,96,0,5,5
islas,97,1,6,7
islas,98,0,2,2
islas,100,1,1,2
islas,103,0,1,1
islas,105,1,0,1
lapaz,0,2355,2254,4609
lapaz,1,2357,2455,4812
lapaz,2,2622,2714,5336
lapaz,3,2423,2455,4878
lapaz,4,2433,2393,4826
lapaz,5,2382,2295,4677
lapaz,6,2228,2199,4427
lapaz,7,2463,2335,4798
lapaz,8,2636,2443,5079
lapaz,9,2356,2170,4526
lapaz,10,2573,2284,4857
lapaz,11,2473,2285,4758
lapaz,12,2800,2554,5354
lapaz,13,2781,2729,5510
lapaz,14,2686,2603,5289
lapaz,15,2535,2581,5116
lapaz,16,2323,2311,4634
lapaz,17,2468,2411,4879
lapaz,18,2557,2351,4908
lapaz,19,1851,1957,3808
lapaz,20,2045,2172,4217
lapaz,21,1549,1752,3301
lapaz,22,1903,2035,3938
lapaz,23,1855,1950,3805
lapaz,24,1541,1805,3346
lapaz,25,1508,1688,3196
lapaz,26,1303,1639,2942
lapaz,27,1315,1520,2835
lapaz,28,1372,1654,3026
lapaz,29,1052,1321,2373
lapaz,30,1599,1676,3275
lapaz,31,759,939,1698
lapaz,32,1139,1364,2503
lapaz,33,1120,1322,2442
lapaz,34,943,1169,2112
lapaz,35,1099,1351,2450
lapaz,36,982,1219,2201
lapaz,37,845,1054,1899
lapaz,38,1023,1193,2216
lapaz,39,846,969,1815
lapaz,40,1147,1276,2423
lapaz,41,535,628,1163
lapaz,42,848,937,1785
lapaz,43,717,907,1624
lapaz,44,577,695,1272
lapaz,45,785,876,1661
lapaz,46,570,645,1215
lapaz,47,560,719,1279
lapaz,48,711,807,1518
lapaz,49,491,644,1135
lapaz,50,942,947,1889
lapaz,51,388,413,801
lapaz,52,693,728,1421
lapaz,53,549,695,1244
lapaz,54,521,621,1142
lapaz,55,518,583,1101
lapaz,56,481,503,984
lapaz,57,420,494,914
lapaz,58,474,506,980
lapaz,59,350,408,758
lapaz,60,646,633,1279
lapaz,61,249,294,543
lapaz,62,402,424,826
lapaz,63,359,490,849
lapaz,64,287,327,614
lapaz,65,375,428,803
lapaz,66,308,335,643
lapaz,67,247,301,548
lapaz,68,281,309,590
lapaz,69,188,216,404
lapaz,70,344,276,620
lapaz,71,124,178,302
lapaz,72,234,272,506
lapaz,73,245,262,507
lapaz,74,180,206,386
lapaz,75,230,211,441
lapaz,76,180,185,365
lapaz,77,139,158,297
lapaz,78,197,206,403
lapaz,79,87,143,230
lapaz,80,155,160,315
lapaz,81,60,79,139
lapaz,82,83,107,190
lapaz,83,87,113,200
lapaz,84,74,79,153
lapaz,85,73,85,158
lapaz,86,65,84,149
lapaz,87,50,58,108
lapaz,88,43,58,101
lapaz,89,27,42,69
lapaz,90,37,40,77
lapaz,91,5,10,15
lapaz,92,5,13,18
lapaz,93,6,18,24
lapaz,94,6,12,18
lapaz,95,6,13,19
lapaz,96,5,8,13
lapaz,97,3,8,11
lapaz,98,3,5,8
lapaz,99,1,4,5
lapaz,100,4,0,4
lapaz,101,1,6,7
lapaz,102,1,3,4
lapaz,103,0,4,4
lapaz,104,0,1,1
lempira,0,3843,3735,7578
lempira,1,4192,4029,8221
lempira,2,4467,4210,8677
lempira,3,4049,4197,8246
lempira,4,4225,3990,8215
lempira,5,4324,4021,8345
lempira,6,3907,3915,7822
lempira,7,4104,4002,8106
lempira,8,4531,4329,8860
lempira,9,4132,3840,7972
lempira,10,4412,4127,8539
lempira,11,4185,4109,8294
lempira,12,5019,4502,9521
lempira,13,4914,4674,9588
lempira,14,4587,4304,8891
lempira,15,4295,4185,8480
lempira,16,3807,3848,7655
lempira,17,3915,3736,7651
lempira,18,4340,3883,8223
lempira,19,2924,2969,5893
lempira,20,3421,3475,6896
lempira,21,2393,2559,4952
lempira,22,3129,2999,6128
lempira,23,2700,2885,5585
lempira,24,2495,2530,5025
lempira,25,2584,2658,5242
lempira,26,2121,2259,4380
lempira,27,2086,2227,4313
lempira,28,2199,2338,4537
lempira,29,1679,1790,3469
lempira,30,2550,2512,5062
lempira,31,1286,1409,2695
lempira,32,1894,2099,3993
lempira,33,1804,1969,3773
lempira,34,1588,1716,3304
lempira,35,2051,2025,4076
lempira,36,1673,1742,3415
lempira,37,1489,1571,3060
lempira,38,1838,1807,3645
lempira,39,1241,1380,2621
lempira,40,2082,1987,4069
lempira,41,831,894,1725
lempira,42,1413,1431,2844
lempira,43,1082,1223,2305
lempira,44,1020,1056,2076
lempira,45,1316,1298,2614
lempira,46,889,975,1864
lempira,47,880,1063,1943
lempira,48,1115,1124,2239
lempira,49,793,904,1697
lempira,50,1465,1322,2787
lempira,51,651,631,1282
lempira,52,1020,1041,2061
lempira,53,949,996,1945
lempira,54,830,855,1685
lempira,55,945,934,1879
lempira,56,770,717,1487
lempira,57,688,757,1445
lempira,58,805,823,1628
lempira,59,536,633,1169
lempira,60,1070,906,1976
lempira,61,387,415,802
lempira,62,591,663,1254
lempira,63,613,663,1276
lempira,64,502,550,1052
lempira,65,751,750,1501
lempira,66,554,546,1100
lempira,67,476,465,941
lempira,68,443,438,881
lempira,69,311,372,683
lempira,70,499,518,1017
lempira,71,240,259,499
lempira,72,351,348,699
lempira,73,396,358,754
lempira,74,293,316,609
lempira,75,428,351,779
lempira,76,304,292,596
lempira,77,244,272,516
lempira,78,318,280,598
lempira,79,186,165,351
lempira,80,305,283,588
lempira,81,113,124,237
lempira,82,155,177,332
lempira,83,149,148,297
lempira,84,113,139,252
lempira,85,162,155,317
lempira,86,97,118,215
lempira,87,91,112,203
lempira,88,100,76,176
lempira,89,69,85,154
lempira,90,43,48,91
lempira,91,16,20,36
lempira,92,13,18,31
lempira,93,10,20,30
lempira,94,6,18,24
lempira,95,11,17,28
lempira,96,7,16,23
lempira,97,4,7,11
lempira,98,9,14,23
lempira,99,2,4,6
lempira,100,0,5,5
lempira,101,2,5,7
lempira,102,3,1,4
lempira,104,1,0,1
lempira,105,1,1,2
ocotepeque,0,1393,1296,2689
ocotepeque,1,1677,1623,3300
ocotepeque,2,1859,1784,3643
ocotepeque,3,1956,1891,3847
ocotepeque,4,1767,1717,3484
ocotepeque,5,1754,1714,3468
ocotepeque,6,1529,1597,3126
ocotepeque,7,1689,1591,3280
ocotepeque,8,1788,1591,3379
ocotepeque,9,1533,1452,2985
ocotepeque,10,1683,1557,3240
ocotepeque,11,1614,1658,3272
ocotepeque,12,2021,1824,3845
ocotepeque,13,1930,1934,3864
ocotepeque,14,2019,1877,3896
ocotepeque,15,1817,1783,3600
ocotepeque,16,1671,1676,3347
ocotepeque,17,1741,1763,3504
ocotepeque,18,1915,1850,3765
ocotepeque,19,1393,1446,2839
ocotepeque,20,1647,1727,3374
ocotepeque,21,1193,1263,2456
ocotepeque,22,1452,1562,3014
ocotepeque,23,1354,1469,2823
ocotepeque,24,1169,1325,2494
ocotepeque,25,1245,1343,2588
ocotepeque,26,1057,1144,2201
ocotepeque,27,996,1134,2130
ocotepeque,28,1075,1094,2169
ocotepeque,29,797,940,1737
ocotepeque,30,1276,1386,2662
ocotepeque,31,620,663,1283
ocotepeque,32,976,1020,1996
ocotepeque,33,816,1021,1837
ocotepeque,34,740,881,1621
ocotepeque,35,974,1016,1990
ocotepeque,36,783,866,1649
ocotepeque,37,705,746,1451
ocotepeque,38,968,1030,1998
ocotepeque,39,628,718,1346
ocotepeque,40,1086,1026,2112
ocotepeque,41,412,450,862
ocotepeque,42,703,778,1481
ocotepeque,43,559,658,1217
ocotepeque,44,491,514,1005
ocotepeque,45,670,676,1346
ocotepeque,46,409,485,894
ocotepeque,47,433,473,906
ocotepeque,48,613,580,1193
ocotepeque,49,410,461,871
ocotepeque,50,776,775,1551
ocotepeque,51,274,295,569
ocotepeque,52,526,527,1053
ocotepeque,53,437,495,932
ocotepeque,54,436,432,868
ocotepeque,55,438,412,850
ocotepeque,56,332,393,725
ocotepeque,57,308,320,628
ocotepeque,58,371,355,726
ocotepeque,59,255,264,519
ocotepeque,60,517,515,1032
ocotepeque,61,209,204,413
ocotepeque,62,307,282,589
ocotepeque,63,325,347,672
ocotepeque,64,218,261,479
ocotepeque,65,317,352,669
ocotepeque,66,233,222,455
ocotepeque,67,214,224,438
ocotepeque,68,225,232,457
ocotepeque,69,120,147,267
ocotepeque,70,268,267,535
ocotepeque,71,105,117,222
ocotepeque,72,184,194,378
ocotepeque,73,162,170,332
ocotepeque,74,142,154,296
ocotepeque,75,188,175,363
ocotepeque,76,131,114,245
ocotepeque,77,119,116,235
ocotepeque,78,160,173,333
ocotepeque,79,71,86,157
ocotepeque,80,148,151,299
ocotepeque,81,40,54,94
ocotepeque,82,88,85,173
ocotepeque,83,60,72,132
ocotepeque,84,59,77,136
ocotepeque,85,75,83,158
ocotepeque,86,68,55,123
ocotepeque,87,36,49,85
ocotepeque,88,33,53,86
ocotepeque,89,32,38,70
ocotepeque,90,33,54,87
ocotepeque,91,3,9,12
ocotepeque,92,5,7,12
ocotepeque,93,3,16,19
ocotepeque,94,10,11,21
ocotepeque,95,6,9,15
ocotepeque,96,2,7,9
ocotepeque,97,0,8,8
ocotepeque,98,3,6,9
ocotepeque,99,4,4,8
ocotepeque,100,1,9,10
ocotepeque,101,2,2,4
ocotepeque,102,1,0,1
ocotepeque,103,1,0,1
ocotepeque,105,2,0,2
olancho,0,4554,4298,8852
olancho,1,6162,5870,12032
olancho,2,7153,7030,14183
olancho,3,6886,6683,13569
olancho,4,6544,6400,12944
olancho,5,6382,6235,12617
olancho,6,5931,5736,11667
olancho,7,6235,6022,12257
olancho,8,6927,6177,13104
olancho,9,6192,5867,12059
olancho,10,6561,6267,12828
olancho,11,6349,6086,12435
olancho,12,6984,6485,13469
olancho,13,7175,6877,14052
olancho,14,6829,6440,13269
olancho,15,6764,6579,13343
olancho,16,6229,5960,12189
olancho,17,6132,5957,12089
olancho,18,6786,6232,13018
olancho,19,4900,5132,10032
olancho,20,5659,5845,11504
olancho,21,4169,4450,8619
olancho,22,4897,5137,10034
olancho,23,4637,4969,9606
olancho,24,3847,4433,8280
olancho,25,3937,4304,8241
olancho,26,3323,3881,7204
olancho,27,3197,3542,6739
olancho,28,3549,4059,7608
olancho,29,2571,3081,5652
olancho,30,3983,4313,8296
olancho,31,1816,2307,4123
olancho,32,2927,3417,6344
olancho,33,2644,3026,5670
olancho,34,2435,2815,5250
olancho,35,2712,3104,5816
olancho,36,2392,2826,5218
olancho,37,2127,2532,4659
olancho,38,2874,3213,6087
olancho,39,1937,2419,4356
olancho,40,3233,3338,6571
olancho,41,1301,1493,2794
olancho,42,2414,2499,4913
olancho,43,1871,2194,4065
olancho,44,1583,1770,3353
olancho,45,2048,2170,4218
olancho,46,1465,1646,3111
olancho,47,1478,1640,3118
olancho,48,1864,1987,3851
olancho,49,1325,1495,2820
olancho,50,2354,2385,4739
olancho,51,959,1039,1998
olancho,52,1748,1706,3454
olancho,53,1456,1616,3072
olancho,54,1359,1498,2857
olancho,55,1346,1378,2724
olancho,56,1293,1272,2565
olancho,57,1109,1032,2141
olancho,58,1249,1370,2619
olancho,59,835,932,1767
olancho,60,1810,1732,3542
olancho,61,625,647,1272
olancho,62,1063,941,2004
olancho,63,1072,1133,2205
olancho,64,815,967,1782
olancho,65,1042,1015,2057
olancho,66,830,779,1609
olancho,67,702,729,1431
olancho,68,743,820,1563
olancho,69,415,490,905
olancho,70,940,846,1786
olancho,71,385,409,794
olancho,72,625,584,1209
olancho,73,575,609,1184
olancho,74,536,546,1082
olancho,75,588,576,1164
olancho,76,473,450,923
olancho,77,372,420,792
olancho,78,525,474,999
olancho,79,262,264,526
olancho,80,485,489,974
olancho,81,180,202,382
olancho,82,228,258,486
olancho,83,262,267,529
olancho,84,215,247,462
olancho,85,233,265,498
olancho,86,216,174,390
olancho,87,178,179,357
olancho,88,136,137,273
olancho,89,123,134,257
olancho,90,118,123,241
olancho,91,16,35,51
olancho,92,11,35,46
olancho,93,23,39,62
olancho,94,22,43,65
olancho,95,15,22,37
olancho,96,12,21,33
olancho,97,8,19,27
olancho,98,17,40,57
olancho,99,17,17,34
olancho,100,9,7,16
olancho,101,7,10,17
olancho,102,5,2,7
olancho,103,2,9,11
olancho,104,3,3,6
olancho,105,1,2,3
santabarbara,0,4107,3986,8093
santabarbara,1,4511,4303,8814
santabarbara,2,5245,5096,10341
santabarbara,3,5258,4833,10091
santabarbara,4,4934,4624,9558
santabarbara,5,4834,4538,9372
santabarbara,6,4313,4258,8571
santabarbara,7,4739,4398,9137
santabarbara,8,5040,4673,9713
santabarbara,9,4738,4499,9237
santabarbara,10,4913,4555,9468
santabarbara,11,4517,4356,8873
santabarbara,12,5453,5041,10494
santabarbara,13,5849,5488,11337
santabarbara,14,5442,5072,10514
santabarbara,15,5411,5032,10443
santabarbara,16,4897,4426,9323
santabarbara,17,4881,4487,9368
santabarbara,18,5238,4376,9614
santabarbara,19,3771,3640,7411
santabarbara,20,4236,4127,8363
santabarbara,21,3131,3171,6302
santabarbara,22,3635,3634,7269
santabarbara,23,3560,3647,7207
santabarbara,24,3071,3195,6266
santabarbara,25,3024,3149,6173
santabarbara,26,2634,2781,5415
santabarbara,27,2667,2728,5395
santabarbara,28,3059,3189,6248
santabarbara,29,2198,2428,4626
santabarbara,30,3552,3516,7068
santabarbara,31,1693,1961,3654
santabarbara,32,2610,2827,5437
santabarbara,33,2515,2652,5167
santabarbara,34,2282,2348,4630
santabarbara,35,2560,2533,5093
santabarbara,36,2183,2281,4464
santabarbara,37,2057,2120,4177
santabarbara,38,2583,2558,5141
santabarbara,39,1829,1940,3769
santabarbara,40,2942,2764,5706
santabarbara,41,1248,1296,2544
santabarbara,42,2160,2078,4238
santabarbara,43,1732,1842,3574
santabarbara,44,1331,1455,2786
santabarbara,45,1942,1848,3790
santabarbara,46,1353,1329,2682
santabarbara,47,1383,1451,2834
santabarbara,48,1713,1763,3476
santabarbara,49,1227,1309,2536
santabarbara,50,2284,2006,4290
santabarbara,51,927,874,1801
santabarbara,52,1578,1394,2972
santabarbara,53,1360,1434,2794
santabarbara,54,1296,1310,2606
santabarbara,55,1260,1211,2471
santabarbara,56,1246,1181,2427
santabarbara,57,1037,924,1961
santabarbara,58,1220,1178,2398
santabarbara,59,922,927,1849
santabarbara,60,1768,1503,3271
santabarbara,61,720,625,1345
santabarbara,62,1017,942,1959
santabarbara,63,1128,1104,2232
santabarbara,64,856,866,1722
santabarbara,65,1054,984,2038
santabarbara,66,789,778,1567
santabarbara,67,785,711,1496
santabarbara,68,761,736,1497
santabarbara,69,512,471,983
santabarbara,70,895,817,1712
santabarbara,71,406,342,748
santabarbara,72,604,544,1148
santabarbara,73,644,594,1238
santabarbara,74,585,512,1097
santabarbara,75,649,550,1199
santabarbara,76,526,439,965
santabarbara,77,421,416,837
santabarbara,78,562,532,1094
santabarbara,79,313,314,627
santabarbara,80,538,429,967
santabarbara,81,208,172,380
santabarbara,82,243,260,503
santabarbara,83,282,264,546
santabarbara,84,264,250,514
santabarbara,85,259,239,498
santabarbara,86,218,218,436
santabarbara,87,191,171,362
santabarbara,88,170,149,319
santabarbara,89,129,102,231
santabarbara,90,132,137,269
santabarbara,91,26,25,51
santabarbara,92,35,48,83
santabarbara,93,20,33,53
santabarbara,94,17,33,50
santabarbara,95,17,28,45
santabarbara,96,17,20,37
santabarbara,97,17,15,32
santabarbara,98,11,18,29
santabarbara,99,7,4,11
santabarbara,100,2,17,19
santabarbara,101,5,9,14
santabarbara,102,5,5,10
santabarbara,103,1,5,6
santabarbara,104,3,3,6
santabarbara,105,1,0,1
valle,0,1435,1365,2800
valle,1,1880,1739,3619
valle,2,2078,1977,4055
valle,3,2004,2049,4053
valle,4,2070,1965,4035
valle,5,1908,1897,3805
valle,6,1873,1841,3714
valle,7,1923,1841,3764
valle,8,2143,2023,4166
valle,9,1901,1861,3762
valle,10,2080,1893,3973
valle,11,1954,1921,3875
valle,12,2283,2081,4364
valle,13,2315,2237,4552
valle,14,2165,2027,4192
valle,15,2268,2154,4422
valle,16,2059,1966,4025
valle,17,2088,1972,4060
valle,18,2210,2037,4247
valle,19,1778,1791,3569
valle,20,1853,1991,3844
valle,21,1564,1604,3168
valle,22,1722,1696,3418
valle,23,1601,1678,3279
valle,24,1333,1499,2832
valle,25,1258,1459,2717
valle,26,1057,1313,2370
valle,27,1105,1252,2357
valle,28,1185,1309,2494
valle,29,904,1039,1943
valle,30,1219,1495,2714
valle,31,659,768,1427
valle,32,948,1112,2060
valle,33,887,962,1849
valle,34,800,943,1743
valle,35,855,1066,1921
valle,36,818,957,1775
valle,37,647,820,1467
valle,38,822,1036,1858
valle,39,664,767,1431
valle,40,1008,1131,2139
valle,41,476,619,1095
valle,42,794,901,1695
valle,43,650,795,1445
valle,44,563,674,1237
valle,45,749,847,1596
valle,46,528,637,1165
valle,47,554,655,1209
valle,48,648,762,1410
valle,49,536,643,1179
valle,50,843,913,1756
valle,51,387,491,878
valle,52,627,631,1258
valle,53,552,618,1170
valle,54,525,605,1130
valle,55,486,553,1039
valle,56,492,557,1049
valle,57,393,457,850
valle,58,465,529,994
valle,59,353,422,775
valle,60,618,706,1324
valle,61,281,308,589
valle,62,358,460,818
valle,63,417,467,884
valle,64,349,409,758
valle,65,419,459,878
valle,66,312,355,667
valle,67,274,317,591
valle,68,349,405,754
valle,69,196,243,439
valle,70,306,399,705
valle,71,160,193,353
valle,72,285,309,594
valle,73,276,299,575
valle,74,252,292,544
valle,75,259,290,549
valle,76,219,227,446
valle,77,176,172,348
valle,78,219,230,449
valle,79,138,132,270
valle,80,193,242,435
valle,81,83,91,174
valle,82,103,137,240
valle,83,124,157,281
valle,84,106,121,227
valle,85,106,126,232
valle,86,85,102,187
valle,87,76,99,175
valle,88,61,66,127
valle,89,69,57,126
valle,90,47,59,106
valle,91,7,13,20
valle,92,10,27,37
valle,93,13,27,40
valle,94,8,16,24
valle,95,7,18,25
valle,96,1,7,8
valle,97,3,12,15
valle,98,3,7,10
valle,99,4,8,12
valle,100,3,5,8
valle,101,3,3,6
valle,102,0,3,3
valle,103,0,1,1
valle,105,0,1,1
yoro,0,5229,5173,10402
yoro,1,6367,5923,12290
yoro,2,7213,7032,14245
yoro,3,7342,7060,14402
yoro,4,6762,6525,13287
yoro,5,6595,6289,12884
yoro,6,6124,6019,12143
yoro,7,6485,6135,12620
yoro,8,7031,6524,13555
yoro,9,6387,5966,12353
yoro,10,6836,6334,13170
yoro,11,6348,6314,12662
yoro,12,7184,6799,13983
yoro,13,7611,7339,14950
yoro,14,7230,6742,13972
yoro,15,7100,6769,13869
yoro,16,6594,6351,12945
yoro,17,6624,6310,12934
yoro,18,6879,6751,13630
yoro,19,5233,5603,10836
yoro,20,5730,6147,11877
yoro,21,4543,4951,9494
yoro,22,5027,5261,10288
yoro,23,4907,5229,10136
yoro,24,4168,4750,8918
yoro,25,4128,4742,8870
yoro,26,3503,4096,7599
yoro,27,3457,4081,7538
yoro,28,3798,4521,8319
yoro,29,2845,3538,6383
yoro,30,4226,4981,9207
yoro,31,2277,2759,5036
yoro,32,3125,3859,6984
yoro,33,2870,3570,6440
yoro,34,2830,3225,6055
yoro,35,3041,3345,6386
yoro,36,2772,3319,6091
yoro,37,2398,2746,5144
yoro,38,3002,3553,6555
yoro,39,2190,2744,4934
yoro,40,3329,3659,6988
yoro,41,1561,1846,3407
yoro,42,2648,2941,5589
yoro,43,2207,2600,4807
yoro,44,1638,1904,3542
yoro,45,2357,2409,4766
yoro,46,1559,1843,3402
yoro,47,1627,1875,3502
yoro,48,2084,2422,4506
yoro,49,1445,1807,3252
yoro,50,2553,2791,5344
yoro,51,1174,1351,2525
yoro,52,1853,2044,3897
yoro,53,1710,1932,3642
yoro,54,1537,1802,3339
yoro,55,1451,1498,2949
yoro,56,1475,1555,3030
yoro,57,1129,1289,2418
yoro,58,1469,1633,3102
yoro,59,1140,1300,2440
yoro,60,1944,1991,3935
yoro,61,766,850,1616
yoro,62,1169,1207,2376
yoro,63,1294,1365,2659
yoro,64,1049,1144,2193
yoro,65,1216,1267,2483
yoro,66,938,935,1873
yoro,67,872,873,1745
yoro,68,865,955,1820
yoro,69,599,690,1289
yoro,70,1026,1033,2059
yoro,71,465,467,932
yoro,72,778,710,1488
yoro,73,773,749,1522
yoro,74,618,664,1282
yoro,75,677,670,1347
yoro,76,565,543,1108
yoro,77,471,428,899
yoro,78,636,620,1256
yoro,79,328,384,712
yoro,80,571,561,1132
yoro,81,226,227,453
yoro,82,331,309,640
yoro,83,336,325,661
yoro,84,281,318,599
yoro,85,307,281,588
yoro,86,248,216,464
yoro,87,190,214,404
yoro,88,168,177,345
yoro,89,138,161,299
yoro,90,126,164,290
yoro,91,30,36,66
yoro,92,26,53,79
yoro,93,34,62,96
yoro,94,33,41,74
yoro,95,21,36,57
yoro,96,18,34,52
yoro,97,16,25,41
yoro,98,19,24,43
yoro,99,12,26,38
yoro,100,6,8,14
yoro,101,5,6,11
yoro,102,6,3,9
yoro,103,1,2,3
yoro,104,0,3,3
yoro,105,2,5,7
